-8.304844727940414728e-01
-3.311182424309229155e-01
1.420302446805512819e-01
8.318552687488933728e-03
4.527225706211637224e-01
8.758275093226243202e-01
-3.161232862766877316e-01
-2.530250323692501691e-01
-1.983238761482479795e-01
-7.570545745823735739e-01
4.285018943131204683e-01
6.308506619344634858e-01
1.183047752703662164e-01
-1.187240795253312747e-01
4.241710417516587617e-01
2.205226460453039716e-01
6.846496832771715724e-01
-8.515603796025155159e-01
5.044995122780724373e-01
-4.360923549374657870e-01
4.641491820662157486e-01
-5.639252397925632876e-02
4.781862692007078364e-01
1.054629535672923363e-01
2.630451944614373150e-01
3.066390781092187545e-02
-1.049152423106049781e-01
-6.245125971838743073e-01
-4.797213158676545408e-01
5.543245732833078643e-01
8.676799369576505550e-01
-8.713949479703526624e-01
3.126992592885772249e-01
3.393799281865085282e-01
-9.852533948676326370e-01
-5.522152364098020794e-01
6.604094344502378089e-01
-5.626110560552968209e-01
-4.273579898888585915e-01
6.691375313338993047e-01
3.522509162105729175e-01
-8.760439962621422438e-01
6.939956739530033225e-01
-4.758337243768905322e-01
8.495259770025180845e-01
-5.209858123870023672e-01
9.935272026316960270e-01
-3.768348825823248927e-01
9.471666398657323516e-01
9.550562330535685707e-01
-4.105142801477127540e-02
3.260779959615671686e-01
1.974825457473385615e-01
-6.086255857716602602e-01
-3.764151744559641188e-01
3.869004583733730573e-01
-5.541508451371759403e-01
4.321259934641980549e-01
2.161843659171421017e-02
-5.183300410760076637e-01
2.885182597382374148e-01
-9.586873920277778627e-01
-2.355495012695240156e-02
-6.690420913336061481e-01
6.744448113660873600e-01
6.650152360763078585e-01
5.451600832335773417e-01
-6.682975954866772206e-01
8.984375185265069952e-02
-7.069467803349653856e-01
9.411111408064992689e-01
4.063390652634883415e-01
7.658941421933993521e-01
-1.331748079408718866e-01
-7.890975696953830276e-01
-3.744112682859494501e-01
9.898809885376725903e-01
-5.581432110258283119e-01
-1.022391845851002429e-01
-9.863183348140160955e-01
2.061753151070877532e-01
1.143450323494384219e-01
1.830947201085209031e-02
-3.875319697927280260e-01
8.429446714050309319e-01
-3.483246442808638488e-01
1.736413483441825722e-01
-9.994977817078150029e-01
-7.530124114800291757e-01
-8.191051931849777645e-01
-1.004801215709860140e-01
3.895965887003063344e-01
4.046984097176626882e-01
-2.515270097761332924e-01
-5.094239332848683466e-01
