-5.213013695699078021e-01
-1.700499847701339717e-01
-6.050283257090401934e-01
1.798675795174146108e-01
6.502878059064386429e-01
8.034210417108847979e-01
-6.942936966968533685e-01
-9.224093703683545753e-01
9.350832028227327175e-01
6.386601476130575605e-01
-8.947459856789743426e-01
-7.619128767487792775e-01
-9.956099406017623332e-01
-8.125244821041707199e-01
2.491185338701085716e-01
1.560426461526854755e-02
-8.448789017695426118e-01
-2.883457941238533676e-02
4.917200847814510722e-01
4.048938539126052949e-01
-6.985251988507303889e-01
-8.786119379862181722e-01
8.325910944723808882e-01
-1.366548698702098052e-01
-2.655573772556487078e-01
-1.606364358647897894e-01
9.719231001704746742e-01
-9.178790569838594926e-02
8.527451509201008362e-01
5.306953517394341624e-01
2.976226633707979019e-01
-6.143178401865843075e-01
1.247103163785172608e-01
7.668072939191955539e-01
4.934037908923530891e-01
9.753483991952306420e-01
-5.638633432825848057e-01
4.596171507691014790e-01
8.915301109838353888e-01
-4.947421062574459266e-02
-9.498334313120341266e-01
9.639954015490613815e-01
1.462441036955240969e-01
-3.075744952773229457e-02
-6.623761344919963934e-01
1.279528675863725318e-01
-7.396576483897214782e-01
-3.297472430946708499e-01
3.306298260285551738e-01
6.570503612261457786e-03
2.718576538064895187e-01
-3.754437858439896303e-01
5.123219207393934216e-01
-1.288102771749280451e-01
3.788113685314596635e-02
3.501994112032560391e-01
9.986867852773440024e-01
9.837176191135954539e-01
-1.110481491966478634e-01
-5.045895998231000323e-01
-4.127708900234231537e-01
7.195507505851288510e-01
-9.059117903188956822e-01
2.345282717313763587e-01
-5.900687980003144206e-01
-6.327705105444498823e-01
-9.112392381778436912e-01
-3.998515370321913398e-01
-6.045396019802297127e-01
3.101387099115786583e-01
-2.662905318115257880e-01
-4.741657129757504419e-01
-4.353531144277539844e-01
9.826829177838622975e-01
-9.804785647424870687e-01
-5.524360876501133166e-01
5.507327584903841666e-01
-3.782030423847607126e-01
-5.683415949490367991e-01
6.752510531786075632e-01
-2.993779228595846442e-01
3.487770302698822711e-01
-1.923249959004782669e-02
3.948310447292943115e-01
7.119251589285637838e-01
2.762021785389723871e-01
2.744581941502683975e-01
9.686340071402037566e-01
-7.254445476976532081e-01
-9.270238264215868718e-01
8.894901246320863208e-03
5.498168782213917229e-04
8.843823700092086071e-01
8.981365550213369353e-01
-9.883721562777814107e-02
