4.062651581509970633e-01
-2.935655970383549973e-01
-6.453536197526383855e-01
-9.921099770030417098e-02
5.997424842977797654e-01
1.296761654821289578e-01
7.775404100146596775e-01
6.340202304621236351e-01
7.366275186949502451e-01
1.905855789060469929e-01
-3.700206221961808706e-01
-4.666647120047631159e-01
-7.294000961512809855e-01
5.322789635403911701e-01
9.209225967675256364e-01
6.036181730618160879e-01
2.613460192093456924e-01
-9.642135471516821710e-03
-8.295528354184102948e-01
5.081445771278720880e-01
-2.352434636923333156e-01
-5.956912776609404325e-01
-6.680195318282007300e-01
-2.632677557000444035e-01
9.268127911787029660e-01
9.344740539355620434e-01
6.313920279519271705e-01
-8.664972934740605703e-02
-9.078612247572205307e-01
4.232870240551595553e-01
4.549261705846932569e-01
9.721898624896807561e-01
6.297255223726557771e-01
-3.090848439159618044e-01
-5.784790610480281536e-01
5.496458389283890300e-01
7.966959920552824093e-02
7.579789996002306296e-01
3.397352928264429361e-01
-1.811563172181878123e-01
-4.041414600260801460e-01
5.814416645778559545e-01
1.575367465084247243e-01
-5.621069677054615354e-01
7.481071612779410795e-01
-9.991534917364273127e-01
-9.296208017995790662e-01
-3.764892779789062449e-01
-2.878635958327672717e-01
3.580053024266275363e-01
9.889876138625149915e-01
3.889918266737331098e-01
-4.606436683196504789e-02
-8.403966607703680092e-01
6.941083077644361055e-02
-9.539515006644503359e-01
4.876997632095294577e-01
6.511070562975860287e-01
-6.626278851409872495e-01
-5.160789306276854227e-02
-7.896664172246973257e-01
5.891191529051483800e-01
8.451720133093214571e-01
-3.212252850564827900e-01
-3.838252022269597954e-03
-3.414596027019856095e-02
-5.614383678652089538e-01
-9.937798112138692685e-01
-4.351374303170612579e-01
1.541003758112898803e-01
6.048380124982546402e-01
7.180668814724617821e-01
9.967033809586540727e-01
6.104817103815506352e-01
-2.041356833900988543e-01
-7.840732635394644934e-01
1.860346606625452315e-01
-3.779597416802925602e-01
-8.226324417053334503e-01
-7.786026332107781611e-02
-3.719119088124937522e-01
-6.590915746468168912e-01
-9.186319545695358357e-01
-5.741509427216150430e-01
2.982253443152362848e-01
-6.934777135682335114e-02
-7.835079341928473662e-01
-9.488757600146920934e-01
8.788138087562988865e-01
5.936225299714159576e-02
-4.285030153226880856e-01
-9.584011250150454853e-01
-8.918667250764930055e-01
-2.216928855760746941e-01
-2.194832239047328840e-02
